North Cliff Base  (1259,367)  (1213,412)  (1213,366)  (1274,321)  (1320,306)  (1167,427)  (1167,381)  (1314,260)  (1360,260)  (1366,306)  (1121,445)  (1121,399)  (1406,220)  (1359,214)  (1412,266)  (1075,462)
North Field  (872,727)  (826,757)  (894,773)  (891,681)  (726,824)  (680,837)
North West Beachhead  (777,605)  (731,650)  (731,604)  (820,651)  (777,559)  (823,559)  (823,605)  (770,696)  (724,696)  (685,650)  (685,604)  (798,513)  (844,513)  (869,559)  (678,703)  (890,492)  (639,657)  (639,611)  (827,467)  (700,749)  (654,749)  (632,703)  (873,446)  (919,446)  (936,492)  (593,657)
South Beachhead  (345,1671)  (350,1717)  (355,1625)  (401,1615)  (304,1741)
South Field  (1182,1179)  (1136,1224)  (1136,1178)  (1182,1133)  (1228,1133)  (1228,1179)  (1090,1237)  (1090,1191)  (1274,1119)  (1274,1165)  (1044,1232)  (1044,1186)  (1320,1114)  (1320,1160)
Yellow 1  (902,1695)  (947,1741)  (900,1649)
Yellow 2 Beach  (910,1525)  (961,1519)
Yellow 2  (1006,1639)  (1031,1685)  (982,1593)
Kuribayashi Cave  (1264,747)  (1456,865)  (1467,925)  (1436,812)  (1384,783)  (1323,763)  (1209,737)  (1155,735)  (1104,732)  (1052,728)  (999,723)
Kita  (1090,606)  (1044,651)  (1044,605)  (1135,652)  (1090,560)  (1136,560)  (1136,606)  (1042,559)  (998,663)  (998,617)  (1181,666)  (1150,514)  (1182,560)  (1196,500)  (1227,666)  (1228,579)  (1273,665)
4 Sea Zone  (768,143)  (722,188)  (722,142)  (813,189)  (768,97)  (814,97)  (814,143)  (720,96)  (767,234)  (721,234)  (676,188)  (676,142)  (859,189)  (859,235)  (813,235)  (675,235)  (766,51)  (812,51)  (858,51)  (860,97)  (860,143)  (674,96)  (674,50)  (720,50)  (904,7)  (767,280)  (721,280)  (630,189)  (630,143)  (905,189)  (905,235)  (905,281)  (859,281)  (813,281)  (675,281)  (629,281)  (629,235)  (766,5)  (812,5)  (858,5)  (906,53)  (906,99)  (628,97)  (628,51)  (628,5)  (674,4)  (720,4)  (950,4)  (767,326)  (721,326)  (584,189)  (584,143)  (951,145)  (951,191)  (951,237)  (854,327)  (675,327)  (629,327)  (583,327)  (583,281)  (583,235)  (952,50)  (952,96)  (582,97)  (582,51)  (582,5)  (996,4)  (808,372)  (762,372)  (538,189)  (538,143)  (997,142)  (997,188)  (716,373)  (670,373)  (624,373)  (578,373)  (537,327)  (537,281)  (537,235)  (998,50)  (998,96)  (536,97)  (536,51)  (536,5)  (532,378)  (1042,4)  (778,418)  (1043,142)  (1043,188)  (732,419)  (686,419)  (640,419)  (594,419)  (1044,50)  (1044,96)  (548,424)  (1088,4)  (1089,142)  (1089,188)  (749,465)  (703,465)  (657,465)  (611,465)  (1090,50)  (1090,96)  (565,470)  (1134,4)  (1135,142)  (708,511)  (662,511)  (616,511)  (1136,50)  (1136,96)  (570,516)  (1180,4)  (1182,50)  (1182,96)  (560,562)
Red 2  (801,1762)  (846,1808)  (800,1808)  (788,1716)
Red 1  (689,1839)  (643,1809)  (732,1885)
South AF 1  (838,1410)  (884,1369)  (721,1498)  (679,1544)  (926,1330)  (967,1290)  (818,1459)  (655,1593)
North Eastern Cliff Base  (1658,677)  (1692,723)  (1635,631)  (1691,769)  (1635,585)  (1552,426)  (1503,398)  (1446,353)
Tachiiwa Point  (1697,1154)  (1651,1199)  (1651,1153)  (1742,1200)  (1697,1108)  (1743,1108)  (1743,1154)  (1649,1107)  (1676,1245)  (1630,1245)  (1605,1199)  (1605,1153)  (1720,1062)  (1766,1062)  (1789,1108)  (1789,1154)  (1584,1266)  (1812,1051)  (1559,1220)  (1762,1016)  (1835,1097)
South AF 2  (1056,1072)  (1010,1117)  (1010,1071)  (1102,1029)  (1102,1075)  (964,1135)  (1148,1027)  (1148,1073)  (1194,1026)  (1194,1072)
6 Sea Zone  (1856,1363)  (1810,1408)  (1810,1362)  (1901,1409)  (1856,1317)  (1902,1317)  (1902,1363)  (1808,1316)  (1855,1454)  (1809,1454)  (1764,1408)  (1764,1362)  (1947,1409)  (1947,1455)  (1901,1455)  (1763,1455)  (1854,1271)  (1900,1271)  (1946,1271)  (1948,1317)  (1948,1363)  (1762,1316)  (1992,1227)  (1855,1500)  (1809,1500)  (1718,1409)  (1718,1363)  (1993,1409)  (1993,1455)  (1993,1501)  (1947,1501)  (1901,1501)  (1763,1501)  (1717,1501)  (1717,1455)  (1835,1225)  (1881,1225)  (1927,1225)  (1994,1273)  (1994,1319)  (1716,1317)  (1973,1181)  (2019,1181)  (2038,1227)  (1672,1409)  (1672,1363)  (2039,1365)  (2039,1411)  (2039,1457)  (2039,1503)  (1671,1512)  (1671,1466)  (1887,1179)  (2040,1273)  (2040,1319)  (1670,1317)  (2065,1154)  (1950,1135)  (1996,1135)  (1626,1420)  (1626,1374)  (1625,1512)  (1625,1466)  (2042,1108)  (1988,1089)  (1580,1420)  (1580,1374)  (1579,1512)  (1579,1466)  (2034,1062)  (1534,1420)  (1534,1374)  (1533,1512)  (1533,1466)  (2008,1016)  (2054,1016)  (1488,1420)  (1487,1512)  (1487,1466)  (2012,970)  (2058,970)  (1442,1420)  (1441,1512)  (1441,1466)  (2020,924)  (2066,924)  (1396,1420)  (1395,1512)  (1395,1466)  (2007,878)  (2053,878)  (1350,1420)  (1349,1512)  (1349,1466)  (1979,832)  (2025,832)  (2071,832)  (1304,1420)
Green 1 Beach  (484,1780)  (535,1772)
7 Sea Zone  (1739,1868)  (1693,1913)  (1693,1867)  (1784,1914)  (1739,1822)  (1785,1822)  (1785,1868)  (1691,1821)  (1738,1959)  (1692,1959)  (1647,1913)  (1647,1867)  (1830,1914)  (1830,1960)  (1784,1960)  (1646,1960)  (1737,1776)  (1783,1776)  (1829,1776)  (1831,1822)  (1831,1868)  (1645,1821)  (1645,1775)  (1691,1775)  (1875,1732)  (1738,2005)  (1692,2005)  (1601,1914)  (1601,1868)  (1876,1914)  (1876,1960)  (1876,2006)  (1830,2006)  (1784,2006)  (1646,2006)  (1600,2006)  (1600,1960)  (1737,1730)  (1783,1730)  (1829,1730)  (1877,1778)  (1877,1824)  (1599,1822)  (1599,1776)  (1599,1730)  (1645,1729)  (1691,1729)  (1875,1686)  (1921,1686)  (1921,1732)  (1738,2051)  (1692,2051)  (1555,1914)  (1555,1868)  (1922,1870)  (1922,1916)  (1922,1962)  (1922,2008)  (1876,2052)  (1830,2052)  (1784,2052)  (1646,2052)  (1600,2052)  (1554,2052)  (1554,2006)  (1554,1960)  (1554,1684)  (1737,1684)  (1783,1684)  (1829,1684)  (1923,1778)  (1923,1824)  (1553,1822)  (1553,1776)  (1553,1730)  (1600,1683)  (1646,1683)  (1924,2054)  (1875,1640)  (1921,1640)  (1967,1640)  (1967,1686)  (1967,1732)  (1738,2097)  (1692,2097)  (1509,1914)  (1509,1868)  (1968,1870)  (1968,1916)  (1968,1962)  (1968,2008)  (1878,2098)  (1832,2098)  (1786,2098)  (1646,2098)  (1600,2098)  (1554,2098)  (1508,2098)  (1508,2052)  (1508,2006)  (1508,1960)  (1508,1684)  (1508,1638)  (1554,1638)  (1692,1638)  (1738,1638)  (1784,1638)  (1969,1778)  (1969,1824)  (1507,1822)  (1507,1776)  (1507,1730)  (1600,1637)  (1646,1637)  (1970,2054)  (1970,2100)  (1924,2100)  (1830,1594)  (1876,1594)  (1922,1594)  (1968,1594)  (2013,1640)  (2013,1686)  (2013,1732)  (1740,2143)  (1694,2143)  (1463,1914)  (1463,1868)  (2014,1593)  (2014,1870)  (2014,1916)  (2014,1962)  (2014,2008)  (1878,2144)  (1832,2144)  (1786,2144)  (1648,2144)  (1602,2144)  (1556,2144)  (1510,2144)  (1464,2144)  (1462,2098)  (1462,2052)  (1462,2006)  (1462,1960)  (1462,1684)  (1462,1638)  (1462,1592)  (1508,1592)  (1554,1592)  (1692,1592)  (1738,1592)  (1784,1592)  (2015,1778)  (2015,1824)  (1461,1822)  (1461,1776)  (1461,1730)  (1600,1591)  (1646,1591)  (2016,2054)  (2016,2100)  (2016,2146)  (1970,2146)  (1924,2146)  (1418,2174)  (2059,1639)  (2059,1685)  (2059,1731)  (1417,1914)  (1417,1868)  (2060,1561)  (2060,1870)  (2060,1916)  (2060,1962)  (2060,2008)  (1416,2128)  (1416,2082)  (1416,2036)  (1416,1990)  (1416,1684)  (1416,1638)  (1416,1592)  (2061,1777)  (2061,1823)  (1415,1822)  (1415,1776)  (1415,1730)  (2062,2054)  (2062,2100)  (2062,2146)  (1372,2174)  (1371,1944)  (1371,1898)  (1370,2128)  (1370,2082)  (1370,2036)  (1370,1990)  (1370,1684)  (1370,1638)  (1370,1592)  (1369,1852)  (1369,1806)  (1369,1760)
Cushman's Pocket  (1525,754)  (1479,750)  (1570,800)  (1524,800)  (1525,708)  (1571,735)  (1474,704)  (1616,804)  (1570,846)  (1520,662)  (1620,850)  (1428,725)  (1474,642)  (1574,892)  (1382,715)  (1358,669)
North East Stretch  (1746,562)  (1700,576)  (1700,530)  (1791,608)  (1746,516)  (1792,548)  (1745,622)  (1667,484)  (1837,644)  (1791,654)  (1713,470)  (1745,668)  (1621,453)  (1667,438)  (1873,690)  (1827,700)  (1713,424)  (1781,714)  (1634,392)  (1909,736)  (1863,746)  (1680,378)  (1817,760)  (1771,760)  (1788,806)
North AF 2  (1005,860)  (959,905)  (959,859)  (1050,906)  (1005,814)  (1051,814)  (1051,860)  (957,813)  (988,951)  (942,951)  (913,905)  (1097,794)  (1097,840)  (1143,811)
Blue 1 Beach  (1007,1454)  (1059,1427)
North AF 1  (758,1273)  (712,1316)  (779,1319)  (720,1227)  (804,1248)  (882,1224)  (604,1229)  (928,1195)
West AF 1  (590,1424)  (591,1378)  (587,1470)  (549,1518)  (517,1565)  (573,1617)  (588,1330)
Mt. Suribachi  (300,1903)
East Point  (1897,934)  (1851,979)  (1851,933)  (1942,980)  (1897,888)  (1943,903)  (1849,887)  (1896,1025)  (1946,1026)  (1898,842)  (1918,1072)
Orange/White Beach  (376,774)  (330,772)  (422,776)  (284,770)  (468,796)
Motoyama Airfield No. 3  (1359,617)  (1410,617)  (1307,617)  (1254,622)  (1292,563)  (1425,666)
Motoyama Airfield No. 2  (897,1013)  (948,1012)  (998,1007)  (1049,977)  (1098,941)  (1147,909)  (1197,882)  (1243,985)  (1189,985)  (1123,991)  (920,1061)  (864,1095)
Motoyama Airfield No. 1  (672,1410)  (659,1456)  (653,1364)  (718,1423)  (624,1538)  (663,1233)  (613,1282)  (763,1442)  (919,1269)  (869,1308)  (818,1350)  (767,1390)  (659,1298)  (573,1554)
Green 1  (581,1898)  (535,1875)  (626,1944)  (580,1944)  (581,1852)
3 Sea Zone  (4,5)  (4,51)  (4,97)  (4,143)  (4,189)  (4,235)  (4,281)  (4,327)  (4,373)  (4,419)  (4,465)  (4,511)  (4,557)  (4,603)  (4,649)  (4,695)  (4,741)  (4,787)  (4,833)  (4,879)  (4,925)  (4,971)  (4,1017)  (4,1063)  (4,1109)  (4,1155)  (50,4)  (50,50)  (50,96)  (50,142)  (50,188)  (50,234)  (50,280)  (50,326)  (50,372)  (50,418)  (50,464)  (50,510)  (50,556)  (50,602)  (50,648)  (50,694)  (50,740)  (50,786)  (50,832)  (50,878)  (50,924)  (50,970)  (50,1016)  (50,1062)  (50,1108)  (50,1154)  (96,4)  (96,50)  (96,96)  (96,142)  (96,188)  (96,234)  (96,280)  (96,326)  (96,372)  (96,418)  (96,464)  (96,510)  (96,556)  (96,602)  (96,648)  (96,694)  (96,740)  (96,786)  (96,905)  (96,951)  (96,997)  (96,1043)  (96,1089)  (96,1135)  (139,832)  (142,4)  (142,50)  (142,96)  (142,142)  (142,188)  (142,234)  (142,280)  (142,326)  (142,372)  (142,418)  (142,464)  (142,510)  (142,556)  (142,602)  (142,648)  (142,694)  (142,740)  (142,786)  (142,878)  (142,924)  (142,970)  (142,1016)  (142,1062)  (142,1108)  (142,1154)  (185,832)  (188,4)  (188,50)  (188,96)  (188,142)  (188,188)  (188,234)  (188,280)  (188,326)  (188,372)  (188,418)  (188,464)  (188,510)  (188,556)  (188,602)  (188,648)  (188,694)  (188,740)  (188,786)  (188,878)  (188,924)  (188,970)  (188,1016)  (188,1062)  (188,1108)  (188,1154)  (234,4)  (234,50)  (234,96)  (234,142)  (234,478)  (234,524)  (234,570)  (234,616)  (234,662)  (234,877)  (234,923)  (234,969)  (234,1015)  (234,1061)  (234,1107)  (234,1153)  (273,424)  (279,377)  (280,4)  (280,50)  (280,96)  (280,142)  (280,470)  (280,516)  (280,562)  (280,608)  (280,654)  (280,868)  (280,914)  (280,960)  (280,1006)  (280,1052)  (280,1098)  (280,1144)  (300,330)  (301,188)  (312,265)  (314,700)  (319,423)  (325,376)  (326,4)  (326,50)  (326,96)  (326,142)  (326,469)  (326,515)  (326,561)  (326,607)  (326,653)  (326,842)  (326,888)  (326,934)  (326,980)  (326,1026)  (326,1072)  (326,1118)  (326,1164)  (346,311)  (347,188)  (358,234)  (365,422)  (371,357)  (372,4)  (372,50)  (372,96)  (372,142)  (372,468)  (372,514)  (372,560)  (372,606)  (372,652)  (372,879)  (372,925)  (372,971)  (372,1017)  (372,1063)  (372,1109)  (372,1155)  (392,280)  (393,188)  (404,234)  (411,403)  (417,326)  (418,4)  (418,50)  (418,96)  (418,142)  (418,449)  (418,495)  (418,541)  (418,587)  (418,633)  (438,280)  (439,188)  (450,234)  (457,372)  (463,326)  (464,4)  (464,50)  (464,96)  (464,142)  (464,418)  (464,464)  (464,510)  (464,556)  (464,602)
West AF 2  (739,1026)  (693,1071)  (693,1025)  (784,1072)  (739,980)  (785,980)  (785,1026)  (691,979)  (738,1117)  (692,1117)  (806,1118)  (737,934)  (783,934)  (831,958)  (831,1004)  (646,1124)  (863,1151)  (817,1164)  (751,888)  (797,888)  (791,842)
V Amphibious Corps  (1001,1979)  (999,1930)  (950,1980)  (1050,1979)  (1001,2028)  (950,1930)  (1049,1930)  (1051,2027)  (950,2028)
White 2 Beach  (488,919)  (442,875)  (533,965)  (487,965)  (488,873)  (534,889)
Orange 1 Beach  (496,718)  (450,718)  (542,748)
Brown 1 Beach  (480,1108)  (505,1154)  (459,1154)  (465,1062)  (511,1062)
Blue 2 Beach  (1110,1370)  (1162,1348)
Blue 2  (1220,1476)  (1174,1471)  (1265,1522)  (1219,1522)  (1195,1425)
Purple 1 Beach  (431,1462)  (438,1508)
2 Sea Zone  (128,1499)  (82,1544)  (82,1498)  (173,1545)  (128,1453)  (174,1453)  (174,1499)  (80,1452)  (127,1590)  (81,1590)  (36,1544)  (36,1498)  (219,1545)  (219,1591)  (173,1591)  (35,1591)  (126,1407)  (172,1407)  (218,1407)  (220,1453)  (220,1499)  (34,1452)  (34,1406)  (80,1406)  (264,1363)  (127,1636)  (81,1636)  (265,1545)  (265,1591)  (265,1637)  (219,1637)  (173,1637)  (35,1637)  (126,1361)  (172,1361)  (218,1361)  (266,1409)  (266,1455)  (4,1360)  (50,1360)  (264,1317)  (310,1317)  (310,1363)  (127,1682)  (81,1682)  (311,1501)  (311,1547)  (257,1683)  (211,1683)  (35,1683)  (96,1315)  (142,1315)  (188,1315)  (312,1409)  (312,1455)  (4,1314)  (50,1314)  (234,1271)  (280,1271)  (326,1271)  (356,1317)  (356,1363)  (165,1728)  (119,1728)  (235,1729)  (73,1729)  (27,1729)  (96,1269)  (142,1269)  (188,1269)  (358,1409)  (4,1268)  (50,1268)  (372,1255)  (402,1301)  (189,1774)  (143,1774)  (97,1775)  (51,1775)  (5,1775)  (228,1820)  (182,1820)  (136,1821)  (90,1821)  (44,1821)  (174,1867)  (128,1867)  (82,1867)  (36,1867)  (469,1893)  (163,1913)  (117,1913)  (71,1913)  (25,1913)  (496,1939)  (450,1939)  (180,1959)  (134,1959)  (88,1959)  (42,1959)  (523,1985)  (477,1985)  (431,1986)  (191,2005)  (145,2005)  (99,2005)  (53,2005)  (7,2005)  (385,2030)  (550,2031)  (504,2031)  (458,2032)  (173,2051)  (127,2051)  (81,2051)  (35,2051)  (412,2076)  (366,2076)  (559,2077)  (513,2077)  (467,2078)  (320,2084)  (210,2097)  (164,2097)  (118,2097)  (72,2097)  (26,2097)  (274,2112)  (421,2122)  (375,2122)  (559,2123)  (513,2123)  (467,2124)  (329,2130)  (228,2143)  (182,2143)  (136,2143)  (90,2143)  (44,2143)  (283,2158)  (421,2168)  (375,2168)  (559,2169)  (513,2169)  (467,2170)
Blue 1  (1112,1561)  (1066,1545)  (1147,1607)  (1112,1515)
5 Sea Zone  (1354,5)  (1477,4)  (1478,50)  (1523,4)  (1523,96)  (1524,50)  (1569,4)  (1569,96)  (1570,50)  (1570,142)  (1615,4)  (1615,96)  (1616,50)  (1616,142)  (1620,188)  (1661,4)  (1661,96)  (1662,50)  (1662,142)  (1666,188)  (1668,234)  (1707,4)  (1707,96)  (1708,50)  (1708,142)  (1709,280)  (1712,188)  (1714,234)  (1747,326)  (1753,4)  (1753,96)  (1754,50)  (1754,142)  (1755,280)  (1758,188)  (1760,234)  (1778,372)  (1793,326)  (1796,418)  (1799,4)  (1799,96)  (1800,50)  (1800,142)  (1801,280)  (1804,188)  (1806,234)  (1824,372)  (1829,464)  (1839,326)  (1842,418)  (1843,510)  (1845,4)  (1845,96)  (1846,50)  (1846,142)  (1847,280)  (1852,210)  (1857,556)  (1870,372)  (1875,464)  (1885,326)  (1888,418)  (1889,510)  (1891,4)  (1891,96)  (1891,602)  (1892,50)  (1903,556)  (1916,372)  (1921,464)  (1928,142)  (1928,648)  (1931,288)  (1934,418)  (1935,510)  (1937,4)  (1937,96)  (1937,602)  (1938,50)  (1939,230)  (1949,556)  (1962,334)  (1967,464)  (1971,694)  (1973,740)  (1974,142)  (1974,648)  (1977,276)  (1980,380)  (1981,510)  (1983,4)  (1983,96)  (1983,602)  (1984,50)  (1985,188)  (1995,556)  (2008,322)  (2013,426)  (2017,694)  (2019,740)  (2020,142)  (2020,648)  (2023,234)  (2026,368)  (2027,472)  (2029,4)  (2029,96)  (2029,602)  (2030,50)  (2031,188)  (2041,518)  (2054,280)  (2059,414)  (2063,694)  (2065,740)  (2066,142)  (2066,648)  (2069,234)
Kuribayashi Hideout  (1412,501)  (1366,546)  (1366,500)  (1457,547)  (1412,455)  (1458,464)  (1364,454)  (1320,529)  (1503,510)  (1503,556)  (1318,483)  (1358,408)  (1549,520)  (1549,566)  (1272,502)
Higashi  (1659,967)  (1613,1012)  (1613,966)  (1672,1013)  (1666,921)  (1705,967)  (1712,914)  (1597,1058)  (1567,1012)  (1727,868)  (1758,914)
Yellow 1 Beach  (818,1595)  (868,1586)
East AF 2  (1314,923)  (1268,946)  (1268,900)  (1359,969)  (1314,877)  (1360,877)  (1360,923)  (1313,992)  (1222,948)  (1405,969)  (1384,1015)  (1279,831)  (1338,1038)  (1292,1038)
1 Sea Zone  (608,2049)  (608,2095)  (608,2141)  (654,2018)  (654,2064)  (654,2110)  (654,2156)  (700,1987)  (700,2033)  (700,2079)  (700,2125)  (700,2171)  (746,1956)  (746,2002)  (746,2048)  (746,2094)  (746,2140)  (792,1925)  (792,1971)  (792,2017)  (792,2063)  (792,2109)  (792,2155)  (838,1895)  (838,1941)  (838,1987)  (838,2033)  (838,2079)  (838,2125)  (838,2171)  (884,1864)  (884,1910)  (884,2045)  (884,2091)  (884,2137)  (930,1833)  (930,2092)  (930,2138)  (976,1802)  (976,1848)  (976,2103)  (976,2149)  (1022,1772)  (1022,1818)  (1022,1864)  (1022,2103)  (1022,2149)  (1068,1741)  (1068,1787)  (1068,1833)  (1068,2093)  (1068,2139)  (1077,1879)  (1114,1710)  (1114,1756)  (1114,1802)  (1114,2048)  (1114,2094)  (1114,2140)  (1117,1925)  (1123,1848)  (1124,1971)  (1160,1679)  (1160,1725)  (1160,1771)  (1160,2017)  (1160,2063)  (1160,2109)  (1160,2155)  (1163,1894)  (1169,1817)  (1170,1940)  (1206,1649)  (1206,1695)  (1206,1741)  (1206,1986)  (1206,2032)  (1206,2078)  (1206,2124)  (1206,2170)  (1209,1863)  (1215,1787)  (1216,1909)  (1252,1618)  (1252,1664)  (1252,1710)  (1252,1955)  (1252,2001)  (1252,2047)  (1252,2093)  (1252,2139)  (1255,1833)  (1261,1756)  (1262,1879)
Quarry  (1374,1285)  (1328,1329)  (1328,1283)  (1382,1239)  (1420,1285)  (1428,1236)  (1282,1331)  (1282,1285)  (1466,1282)  (1474,1236)  (1236,1334)  (1236,1288)  (1512,1282)
North Stretch  (1046,307)  (1000,352)  (1000,306)  (1052,353)  (1046,261)  (1092,261)  (1092,307)  (1006,398)  (954,385)  (1138,236)  (1138,282)
Kama Rock  (82,864)
Kangoku Rock  (264,230)  (256,277)  (244,325)  (238,373)
Red 2 Beach  (707,1661)  (759,1645)
Red 1 Beach  (597,1721)  (648,1716)
Minami  (1446,1109)  (1400,1126)  (1491,1155)  (1433,1063)  (1479,1063)  (1492,1109)  (1445,1172)
Rally Point Alpha  (773,1541)  (819,1510)  (916,1431)  (962,1385)  (995,1339)  (537,1680)  (1041,1301)  (869,1478)  (719,1580)  (488,1706)
Rally Point Beta  (606,893)  (623,939)  (585,847)  (607,985)  (609,1031)  (597,1077)  (586,1123)  (556,1169)  (542,1362)  (530,1429)
Rally Field  (463,1644)  (356,1808)  (391,1760)  (422,1699)
Kitano Point  (1356,98)  (1310,143)  (1310,97)  (1402,65)  (1402,111)  (1265,51)  (1288,189)  (1264,143)  (1264,97)  (1448,118)  (1460,164)  (1242,211)  (1476,210)  (1513,256)  (1250,257)  (1196,197)  (1522,190)  (1559,236)  (1559,282)  (1513,302)  (1585,328)  (1605,267)
South Suribachi  (259,2002)  (305,1976)  (242,1915)
Suribachi Base  (381,1870)  (389,1916)  (425,1824)
Brown 2 Beach  (476,1295)  (487,1341)  (462,1249)
Hanare Rock  (1895,185)  (1897,235)